1786800034 37304 7 616892
1786800035 56824 33 597644
1786800036 83876 58 566888
1786800037 101008 84 549164
1786800038 130576 110 515704
1786800039 151968 136 493744
1786800040 164376 161 474904
1786800041 194460 187 444720
1786800042 219948 212 423492
1786800044 220056 237 423024
1786800045 230416 268 406144
1786800046 230416 306 406148
1786800048 237036 343 405920
1786800049 237036 381 405680
1786800051 237036 407 400852
1786800052 239084 450 400852
1786800054 252088 487 388088
1786800055 279000 500 354684
1786800057 285404 500 354264
1786800058 285404 500 354012
1786800060 302548 500 333280
1786800062 304596 500 333036
1786800063 304828 500 332816
1786800064 315384 500 320056
1786800065 325624 500 315204
1786800067 330180 500 311108
1786800068 334276 500 302412
1786800069 340420 500 297560
1786800070 340420 500 297560
1786800072 342468 499 297568
1786800073 342652 497 293472
1786800074 365648 497 268644
1786800076 376064 496 260452
1786800077 378112 496 260452
1786800078 384556 496 252260
1786800080 398420 496 236444
1786800081 421960 495 213820
1786800083 426056 494 209472
1786800084 430388 493 197728
1786800086 436532 493 180256
1786800087 457368 490 182924
1786800088 467608 486 173344
1786800089 467608 486 172244
1786800091 467784 486 175628
1786800093 479156 486 156656
1786800094 494444 486 149672
1786800095 497152 486 137896
1786800097 497012 486 139940
1786800099 497012 486 139984
1786800100 502472 486 131012
1786800102 517836 485 126352
1786800103 517836 484 125372
1786800105 518072 483 124448
1786800106 518072 481 124000
1786800108 536120 480 106136
1786800109 537888 477 104888
1786800111 537888 473 103500
1786800112 538384 473 102996
1786800114 538384 473 102996
1786800116 544696 472 96948
1786800117 544960 472 96248
1786800118 544960 472 95296
1786800119 545152 470 94792
1786800121 545152 470 94288
1786800122 545340 469 94288
1786800123 559604 469 77672
1786800125 567984 469 75364
1786800126 567984 460 74860
1786800127 568232 458 74608
1786800129 568404 458 74420
1786800130 573320 458 70984
1786800132 592892 458 56960
1786800133 604324 454 52908
1786800135 604324 448 52544
1786800136 604860 448 51932
1786800137 605112 448 51024
1786800138 605112 448 51104
1786800140 605112 447 50864
1786800141 605112 447 50660
1786800142 605112 447 50660
1786800144 605340 447 50660
1786800145 605340 447 50660
1786800146 605340 447 50212
1786800147 605340 447 49988
1786800149 600308 894 48824
1786800151 600988 894 48572
1786800152 600988 894 48628
1786800153 600988 894 48652
1786800155 600988 894 48652
1786800157 600988 894 48700
1786800158 600988 894 48196
1786800159 599264 894 47716
1786800161 596904 894 47736
1786800163 596904 894 47736
1786800164 596904 894 47496
1786800165 596904 894 47496
1786800167 597432 894 47540
1786800168 597580 894 47540
1786800169 597580 894 47540
1786800171 597580 894 47588
1786800172 597580 894 47588
1786800173 597984 894 47588
1786800175 598236 894 47588
1786800176 598424 894 47604
1786800178 598684 492 46848
1786800179 598684 894 45056
1786800181 598892 894 45056
1786800182 598892 894 44552
1786800183 599140 894 44552
1786800185 599140 894 44552
